-48 120
-40 1536
-36 2784
-32 19104
-30 3456
-28 20880
-27 192
-26 9216
-25 1296
-24 133440
-23 1728
-22 31680
-21 4320
-20 201840
-19 8352
-18 128256
-17 16704
-16 828888
-15 50328
-14 280224
-13 57744
-12 1355760
-11 103776
-10 843936
-9 277704
-8 3832416
-7 372072
-6 2853696
-5 750360
-4 7295664
-3 1773384
-2 6884160
-1 2699544
0 24404322
1 2699544
2 6884160
3 1773384
4 7295664
5 750360
6 2853696
7 372072
8 3832416
9 277704
10 843936
11 103776
12 1355760
13 57744
14 280224
15 50328
16 828888
17 16704
18 128256
19 8352
20 201840
21 4320
22 31680
23 1728
24 133440
25 1296
26 9216
27 192
28 20880
30 3456
32 19104
36 2784
40 1536
48 120
